Template: NONE
DangerType: Flood
CeilingDrips: 0.6086956
WaveSpeed: 0.5
WaveLength: 0.75
WaveAmplitude: 0.04507615
SecondWaveLength: 0.1666667
SecondWaveAmplitude: 0
Clouds: 0.9239131
Grime: 0.5760869
Palette: 16
Effects: Darkness-0.25-20-20, GreenSparks-1-20-74, Fog-0.1847826-17-130, 
