Template: NONE
Clouds: 0.7826087
Grime: 0.2608696
Palette: 6
